###############
#    Sets     #
###############
#
set DAYTYPE := 1 ;
set FUEL := CO DS EL_Distribution EL_Industry EL_Residential EL_Services EL_Transmission EL_Transport HF NG UR ;
set MODE_OF_OPERATION := 1 2 ;
set SEASON := 1 2 3 ;
set DAILYTIMEBRACKET := 1 2 ;
set EMISSION := CO2 NOx ;
set REGION := Atlantis_00A ;
set YEAR := 2014 2015 2016 2017 2018 2019 2020 2021 2022 2023 2024 2025 2026 2027 2028 2029 2030 2031 2032 2033 2034 2035 2036 2037 2038 2039 2040 ;
set STORAGE := DAM ;
set TIMESLICE := ID IN SD SN WD WN ;
set TECHNOLOGY := CO_IMP CSP DIESEL_GEN DIST_IND DIST_RES DIST_SER DIST_TRA DS_IMP DSGC HF_IMP HFSC HYDRO_DAM HYDRO_MIN IGCC NG_IMP NGCC NGSC NUCLEAR PV_ROF PV_UTL TRANS UR_IMP WIND ;


#####################
#    Parameters     #
#####################
#
param AccumulatedAnnualDemand default 0 :=
;

param AnnualEmissionLimit default 99999 :=
;

param AnnualExogenousEmission default 0 :=
;

param AvailabilityFactor default 1 :=
;

param CapacityFactor default 1 :=
[Atlantis_00A,CSP,*,*]:
2014 2015 2016 2017 2018 2019 2020 2021 2022 2023 2024 2025 2026 2027 2028 2029 2030 2031 2032 2033 2034 2035 2036 2037 2038 2039 2040:=
ID 0.28 0.28 0.28 0.28 0.28 0.28 0.28 0.28 0.28 0.28 0.28 0.28 0.28 0.28 0.28 0.28 0.28 0.28 0.28 0.28 0.28 0.28 0.28 0.28 0.28 0.28 0.28
IN 0 0 0 0 0 0 0 0 0 0 0 0 0 0 0 0 0 0 0 0 0 0 0 0 0 0 0
SD 0.28 0.28 0.28 0.28 0.28 0.28 0.28 0.28 0.28 0.28 0.28 0.28 0.28 0.28 0.28 0.28 0.28 0.28 0.28 0.28 0.28 0.28 0.28 0.28 0.28 0.28 0.28
SN 0 0 0 0 0 0 0 0 0 0 0 0 0 0 0 0 0 0 0 0 0 0 0 0 0 0 0
WD 0.28 0.28 0.28 0.28 0.28 0.28 0.28 0.28 0.28 0.28 0.28 0.28 0.28 0.28 0.28 0.28 0.28 0.28 0.28 0.28 0.28 0.28 0.28 0.28 0.28 0.28 0.28
WN 0 0 0 0 0 0 0 0 0 0 0 0 0 0 0 0 0 0 0 0 0 0 0 0 0 0 0
[Atlantis_00A,HYDRO_DAM,*,*]:
2014 2015 2016 2017 2018 2019 2020 2021 2022 2023 2024 2025 2026 2027 2028 2029 2030 2031 2032 2033 2034 2035 2036 2037 2038 2039 2040:=
ID 0.45 0.45 0.45 0.45 0.45 0.45 0.45 0.45 0.45 0.45 0.45 0.45 0.45 0.45 0.45 0.45 0.45 0.45 0.45 0.45 0.45 0.45 0.45 0.45 0.45 0.45 0.45
IN 0.45 0.45 0.45 0.45 0.45 0.45 0.45 0.45 0.45 0.45 0.45 0.45 0.45 0.45 0.45 0.45 0.45 0.45 0.45 0.45 0.45 0.45 0.45 0.45 0.45 0.45 0.45
SD 0.34 0.34 0.34 0.34 0.34 0.34 0.34 0.34 0.34 0.34 0.34 0.34 0.34 0.34 0.34 0.34 0.34 0.34 0.34 0.34 0.34 0.34 0.34 0.34 0.34 0.34 0.34
SN 0.34 0.34 0.34 0.34 0.34 0.34 0.34 0.34 0.34 0.34 0.34 0.34 0.34 0.34 0.34 0.34 0.34 0.34 0.34 0.34 0.34 0.34 0.34 0.34 0.34 0.34 0.34
WD 0.5 0.5 0.5 0.5 0.5 0.5 0.5 0.5 0.5 0.5 0.5 0.5 0.5 0.5 0.5 0.5 0.5 0.5 0.5 0.5 0.5 0.5 0.5 0.5 0.5 0.5 0.5
WN 0.5 0.5 0.5 0.5 0.5 0.5 0.5 0.5 0.5 0.5 0.5 0.5 0.5 0.5 0.5 0.5 0.5 0.5 0.5 0.5 0.5 0.5 0.5 0.5 0.5 0.5 0.5
[Atlantis_00A,HYDRO_MIN,*,*]:
2014 2015 2016 2017 2018 2019 2020 2021 2022 2023 2024 2025 2026 2027 2028 2029 2030 2031 2032 2033 2034 2035 2036 2037 2038 2039 2040:=
ID 0.4 0.4 0.4 0.4 0.4 0.4 0.4 0.4 0.4 0.4 0.4 0.4 0.4 0.4 0.4 0.4 0.4 0.4 0.4 0.4 0.4 0.4 0.4 0.4 0.4 0.4 0.4
IN 0.4 0.4 0.4 0.4 0.4 0.4 0.4 0.4 0.4 0.4 0.4 0.4 0.4 0.4 0.4 0.4 0.4 0.4 0.4 0.4 0.4 0.4 0.4 0.4 0.4 0.4 0.4
SD 0.34 0.34 0.34 0.34 0.34 0.34 0.34 0.34 0.34 0.34 0.34 0.34 0.34 0.34 0.34 0.34 0.34 0.34 0.34 0.34 0.34 0.34 0.34 0.34 0.34 0.34 0.34
SN 0.34 0.34 0.34 0.34 0.34 0.34 0.34 0.34 0.34 0.34 0.34 0.34 0.34 0.34 0.34 0.34 0.34 0.34 0.34 0.34 0.34 0.34 0.34 0.34 0.34 0.34 0.34
WD 0.56 0.56 0.56 0.56 0.56 0.56 0.56 0.56 0.56 0.56 0.56 0.56 0.56 0.56 0.56 0.56 0.56 0.56 0.56 0.56 0.56 0.56 0.56 0.56 0.56 0.56 0.56
WN 0.56 0.56 0.56 0.56 0.56 0.56 0.56 0.56 0.56 0.56 0.56 0.56 0.56 0.56 0.56 0.56 0.56 0.56 0.56 0.56 0.56 0.56 0.56 0.56 0.56 0.56 0.56
[Atlantis_00A,PV_ROF,*,*]:
2014 2015 2016 2017 2018 2019 2020 2021 2022 2023 2024 2025 2026 2027 2028 2029 2030 2031 2032 2033 2034 2035 2036 2037 2038 2039 2040:=
ID 0.15 0.15 0.15 0.15 0.15 0.15 0.15 0.15 0.15 0.15 0.15 0.15 0.15 0.15 0.15 0.15 0.15 0.15 0.15 0.15 0.15 0.15 0.15 0.15 0.15 0.15 0.15
IN 0 0 0 0 0 0 0 0 0 0 0 0 0 0 0 0 0 0 0 0 0 0 0 0 0 0 0
SD 0.15 0.15 0.15 0.15 0.15 0.15 0.15 0.15 0.15 0.15 0.15 0.15 0.15 0.15 0.15 0.15 0.15 0.15 0.15 0.15 0.15 0.15 0.15 0.15 0.15 0.15 0.15
SN 0 0 0 0 0 0 0 0 0 0 0 0 0 0 0 0 0 0 0 0 0 0 0 0 0 0 0
WD 0.15 0.15 0.15 0.15 0.15 0.15 0.15 0.15 0.15 0.15 0.15 0.15 0.15 0.15 0.15 0.15 0.15 0.15 0.15 0.15 0.15 0.15 0.15 0.15 0.15 0.15 0.15
WN 0 0 0 0 0 0 0 0 0 0 0 0 0 0 0 0 0 0 0 0 0 0 0 0 0 0 0
[Atlantis_00A,PV_UTL,*,*]:
2014 2015 2016 2017 2018 2019 2020 2021 2022 2023 2024 2025 2026 2027 2028 2029 2030 2031 2032 2033 2034 2035 2036 2037 2038 2039 2040:=
ID 0.15 0.15 0.15 0.15 0.15 0.15 0.15 0.15 0.15 0.15 0.15 0.15 0.15 0.15 0.15 0.15 0.15 0.15 0.15 0.15 0.15 0.15 0.15 0.15 0.15 0.15 0.15
IN 0 0 0 0 0 0 0 0 0 0 0 0 0 0 0 0 0 0 0 0 0 0 0 0 0 0 0
SD 0.15 0.15 0.15 0.15 0.15 0.15 0.15 0.15 0.15 0.15 0.15 0.15 0.15 0.15 0.15 0.15 0.15 0.15 0.15 0.15 0.15 0.15 0.15 0.15 0.15 0.15 0.15
SN 0 0 0 0 0 0 0 0 0 0 0 0 0 0 0 0 0 0 0 0 0 0 0 0 0 0 0
WD 0.15 0.15 0.15 0.15 0.15 0.15 0.15 0.15 0.15 0.15 0.15 0.15 0.15 0.15 0.15 0.15 0.15 0.15 0.15 0.15 0.15 0.15 0.15 0.15 0.15 0.15 0.15
WN 0 0 0 0 0 0 0 0 0 0 0 0 0 0 0 0 0 0 0 0 0 0 0 0 0 0 0
[Atlantis_00A,WIND,*,*]:
2014 2015 2016 2017 2018 2019 2020 2021 2022 2023 2024 2025 2026 2027 2028 2029 2030 2031 2032 2033 2034 2035 2036 2037 2038 2039 2040:=
ID 0.25 0.25 0.25 0.25 0.25 0.25 0.25 0.25 0.25 0.25 0.25 0.25 0.25 0.25 0.25 0.25 0.25 0.25 0.25 0.25 0.25 0.25 0.25 0.25 0.25 0.25 0.25
IN 0.25 0.25 0.25 0.25 0.25 0.25 0.25 0.25 0.25 0.25 0.25 0.25 0.25 0.25 0.25 0.25 0.25 0.25 0.25 0.25 0.25 0.25 0.25 0.25 0.25 0.25 0.25
SD 0.25 0.25 0.25 0.25 0.25 0.25 0.25 0.25 0.25 0.25 0.25 0.25 0.25 0.25 0.25 0.25 0.25 0.25 0.25 0.25 0.25 0.25 0.25 0.25 0.25 0.25 0.25
SN 0.25 0.25 0.25 0.25 0.25 0.25 0.25 0.25 0.25 0.25 0.25 0.25 0.25 0.25 0.25 0.25 0.25 0.25 0.25 0.25 0.25 0.25 0.25 0.25 0.25 0.25 0.25
WD 0.25 0.25 0.25 0.25 0.25 0.25 0.25 0.25 0.25 0.25 0.25 0.25 0.25 0.25 0.25 0.25 0.25 0.25 0.25 0.25 0.25 0.25 0.25 0.25 0.25 0.25 0.25
WN 0.25 0.25 0.25 0.25 0.25 0.25 0.25 0.25 0.25 0.25 0.25 0.25 0.25 0.25 0.25 0.25 0.25 0.25 0.25 0.25 0.25 0.25 0.25 0.25 0.25 0.25 0.25
;

param CapacityOfOneTechnologyUnit default 0 :=
;

param CapacityToActivityUnit default 1 :
CO_IMP CSP DIESEL_GEN DIST_IND DIST_RES DIST_SER DIST_TRA DS_IMP DSGC HF_IMP HFSC HYDRO_DAM HYDRO_MIN IGCC NG_IMP NGCC NGSC NUCLEAR PV_ROF PV_UTL TRANS UR_IMP WIND:=
Atlantis_00A 1 31.536 31.536 1 1 1 1 1 31.536 1 31.536 31.536 31.536 31.536 1 31.536 31.536 31.536 31.536 31.536 1 1 31.536
;

param CapitalCost default 0 :=
[Atlantis_00A,*,*]:
2014 2015 2016 2017 2018 2019 2020 2021 2022 2023 2024 2025 2026 2027 2028 2029 2030 2031 2032 2033 2034 2035 2036 2037 2038 2039 2040:=
CSP 6000 6000 6000 6000 6000 6000 6000 4500 4500 4500 4500 4500 4000 4000 4000 4000 4000 3700 3700 3700 3700 3700 3700 3700 3700 3700 3700
DIESEL_GEN 1070 1070 1070 1070 1070 1070 1070 1070 1070 1070 1070 1070 1070 1070 1070 1070 1070 1070 1070 1070 1070 1070 1070 1070 1070 1070 1070
DSGC 900 900 900 900 900 900 900 900 900 900 900 900 900 900 900 900 900 900 900 900 900 900 900 900 900 900 900
HFSC 2300 2300 2300 2300 2300 2300 2300 2300 2300 2300 2300 2300 2300 2300 2300 2300 2300 2300 2300 2300 2300 2300 2300 2300 2300 2300 2300
HYDRO_DAM 4000 4000 4000 4000 4000 4000 4000 4000 4000 4000 4000 4000 4000 4000 4000 4000 4000 4000 4000 4000 4000 4000 4000 4000 4000 4000 4000
HYDRO_MIN 4500 4500 4500 4500 4500 4500 4500 4500 4500 4500 4500 4500 4500 4500 4500 4500 4500 4500 4500 4500 4500 4500 4500 4500 4500 4500 4500
IGCC 3700 3700 3700 3700 3700 3700 3700 3700 3700 3700 3700 3700 3700 3700 3700 3700 3700 3700 3700 3700 3700 3700 3700 3700 3700 3700 3700
NGCC 1100 1100 1100 1100 1100 1100 1100 1100 1100 1100 1100 1100 1100 1100 1100 1100 1100 1100 1100 1100 1100 1100 1100 1100 1100 1100 1100
NGSC 2300 2300 2300 2300 2300 2300 2300 2300 2300 2300 2300 2300 2300 2300 2300 2300 2300 2300 2300 2300 2300 2300 2300 2300 2300 2300 2300
NUCLEAR 3000 3000 3000 3000 3000 3000 3000 3000 3000 3000 3000 3000 3000 3000 3000 3000 3000 3000 3000 3000 3000 3000 3000 3000 3000 3000 3000
PV_ROF 3500 3500 3500 3500 3500 3500 3500 3200 3200 3200 3200 3200 3000 3000 3000 3000 3000 2800 2800 2800 2800 2800 2800 2800 2800 2800 2800
PV_UTL 2000 2000 2000 2000 2000 2000 2000 1900 1900 1900 1900 1900 1800 1800 1800 1800 1800 1700 1700 1700 1700 1700 1700 1700 1700 1700 1700
WIND 1845 1808 1772 1736 1702 1667 1634 1601 1569 1538 1507 1477 1448 1419 1390 1362 1356 1349 1342 1335 1329 1322 1315 1309 1302 1296 1289
;

param CapitalCostStorage default 0 :=
;

param Conversionld default 0 :
1:=
ID 1
IN 1
SD 1
SN 1
WD 1
WN 1
;

param Conversionlh default 0 :
1 2:=
ID 1 0
IN 0 1
SD 1 0
SN 0 1
WD 1 0
WN 0 1
;

param Conversionls default 0 :
1 2 3:=
ID 0 1 0
IN 0 1 0
SD 0 0 1
SN 0 0 1
WD 1 0 0
WN 1 0 0
;

param DaySplit default 0.00137 :=
;

param DaysInDayType default 7 :=
;

param DepreciationMethod default 1 :=
;

param DiscountRate default 0.05 :=
;

param EmissionActivityRatio default 0 :=
[Atlantis_00A,CO_IMP,CO2,*,*]:
2014 2015 2016 2017 2018 2019 2020 2021 2022 2023 2024 2025 2026 2027 2028 2029 2030 2031 2032 2033 2034 2035 2036 2037 2038 2039 2040:=
1 0.052 0.052 0.052 0.052 0.052 0.052 0.052 0.052 0.052 0.052 0.052 0.052 0.052 0.052 0.052 0.052 0.052 0.052 0.052 0.052 0.052 0.052 0.052 0.052 0.052 0.052 0.052
2 0.052 0.052 0.052 0.052 0.052 0.052 0.052 0.052 0.052 0.052 0.052 0.052 0.052 0.052 0.052 0.052 0.052 0.052 0.052 0.052 0.052 0.052 0.052 0.052 0.052 0.052 0.052
[Atlantis_00A,DS_IMP,CO2,*,*]:
2014 2015 2016 2017 2018 2019 2020 2021 2022 2023 2024 2025 2026 2027 2028 2029 2030 2031 2032 2033 2034 2035 2036 2037 2038 2039 2040:=
1 0.0693 0.0693 0.0693 0.0693 0.0693 0.0693 0.0693 0.0693 0.0693 0.0693 0.0693 0.0693 0.0693 0.0693 0.0693 0.0693 0.0693 0.0693 0.0693 0.0693 0.0693 0.0693 0.0693 0.0693 0.0693 0.0693 0.0693
2 0.0693 0.0693 0.0693 0.0693 0.0693 0.0693 0.0693 0.0693 0.0693 0.0693 0.0693 0.0693 0.0693 0.0693 0.0693 0.0693 0.0693 0.0693 0.0693 0.0693 0.0693 0.0693 0.0693 0.0693 0.0693 0.0693 0.0693
[Atlantis_00A,DSGC,NOx,*,*]:
2014 2015 2016 2017 2018 2019 2020 2021 2022 2023 2024 2025 2026 2027 2028 2029 2030 2031 2032 2033 2034 2035 2036 2037 2038 2039 2040:=
1 1.9444 1.9444 1.9444 1.9444 1.9444 1.9444 1.9444 1.9444 1.9444 1.9444 1.9444 1.9444 1.9444 1.9444 1.9444 1.9444 1.9444 1.9444 1.9444 1.9444 1.9444 1.9444 1.9444 1.9444 1.9444 1.9444 1.9444
2 1.9444 1.9444 1.9444 1.9444 1.9444 1.9444 1.9444 1.9444 1.9444 1.9444 1.9444 1.9444 1.9444 1.9444 1.9444 1.9444 1.9444 1.9444 1.9444 1.9444 1.9444 1.9444 1.9444 1.9444 1.9444 1.9444 1.9444
[Atlantis_00A,HF_IMP,CO2,*,*]:
2014 2015 2016 2017 2018 2019 2020 2021 2022 2023 2024 2025 2026 2027 2028 2029 2030 2031 2032 2033 2034 2035 2036 2037 2038 2039 2040:=
1 0.0747 0.0747 0.0747 0.0747 0.0747 0.0747 0.0747 0.0747 0.0747 0.0747 0.0747 0.0747 0.0747 0.0747 0.0747 0.0747 0.0747 0.0747 0.0747 0.0747 0.0747 0.0747 0.0747 0.0747 0.0747 0.0747 0.0747
2 0.0747 0.0747 0.0747 0.0747 0.0747 0.0747 0.0747 0.0747 0.0747 0.0747 0.0747 0.0747 0.0747 0.0747 0.0747 0.0747 0.0747 0.0747 0.0747 0.0747 0.0747 0.0747 0.0747 0.0747 0.0747 0.0747 0.0747
[Atlantis_00A,HFSC,NOx,*,*]:
2014 2015 2016 2017 2018 2019 2020 2021 2022 2023 2024 2025 2026 2027 2028 2029 2030 2031 2032 2033 2034 2035 2036 2037 2038 2039 2040:=
1 0.3611 0.3611 0.3611 0.3611 0.3611 0.3611 0.3611 0.3611 0.3611 0.3611 0.3611 0.3611 0.3611 0.3611 0.3611 0.3611 0.3611 0.3611 0.3611 0.3611 0.3611 0.3611 0.3611 0.3611 0.3611 0.3611 0.3611
2 0.3611 0.3611 0.3611 0.3611 0.3611 0.3611 0.3611 0.3611 0.3611 0.3611 0.3611 0.3611 0.3611 0.3611 0.3611 0.3611 0.3611 0.3611 0.3611 0.3611 0.3611 0.3611 0.3611 0.3611 0.3611 0.3611 0.3611
[Atlantis_00A,IGCC,NOx,*,*]:
2014 2015 2016 2017 2018 2019 2020 2021 2022 2023 2024 2025 2026 2027 2028 2029 2030 2031 2032 2033 2034 2035 2036 2037 2038 2039 2040:=
1 0.0194 0.0194 0.0194 0.0194 0.0194 0.0194 0.0194 0.0194 0.0194 0.0194 0.0194 0.0194 0.0194 0.0194 0.0194 0.0194 0.0194 0.0194 0.0194 0.0194 0.0194 0.0194 0.0194 0.0194 0.0194 0.0194 0.0194
2 0.0194 0.0194 0.0194 0.0194 0.0194 0.0194 0.0194 0.0194 0.0194 0.0194 0.0194 0.0194 0.0194 0.0194 0.0194 0.0194 0.0194 0.0194 0.0194 0.0194 0.0194 0.0194 0.0194 0.0194 0.0194 0.0194 0.0194
[Atlantis_00A,NG_IMP,CO2,*,*]:
2014 2015 2016 2017 2018 2019 2020 2021 2022 2023 2024 2025 2026 2027 2028 2029 2030 2031 2032 2033 2034 2035 2036 2037 2038 2039 2040:=
1 0.0503 0.0503 0.0503 0.0503 0.0503 0.0503 0.0503 0.0503 0.0503 0.0503 0.0503 0.0503 0.0503 0.0503 0.0503 0.0503 0.0503 0.0503 0.0503 0.0503 0.0503 0.0503 0.0503 0.0503 0.0503 0.0503 0.0503
2 0.0503 0.0503 0.0503 0.0503 0.0503 0.0503 0.0503 0.0503 0.0503 0.0503 0.0503 0.0503 0.0503 0.0503 0.0503 0.0503 0.0503 0.0503 0.0503 0.0503 0.0503 0.0503 0.0503 0.0503 0.0503 0.0503 0.0503
[Atlantis_00A,NGCC,NOx,*,*]:
2014 2015 2016 2017 2018 2019 2020 2021 2022 2023 2024 2025 2026 2027 2028 2029 2030 2031 2032 2033 2034 2035 2036 2037 2038 2039 2040:=
1 0.05 0.05 0.05 0.05 0.05 0.05 0.05 0.05 0.05 0.05 0.05 0.05 0.05 0.05 0.05 0.05 0.05 0.05 0.05 0.05 0.05 0.05 0.05 0.05 0.05 0.05 0.05
2 0.05 0.05 0.05 0.05 0.05 0.05 0.05 0.05 0.05 0.05 0.05 0.05 0.05 0.05 0.05 0.05 0.05 0.05 0.05 0.05 0.05 0.05 0.05 0.05 0.05 0.05 0.05
[Atlantis_00A,NGSC,NOx,*,*]:
2014 2015 2016 2017 2018 2019 2020 2021 2022 2023 2024 2025 2026 2027 2028 2029 2030 2031 2032 2033 2034 2035 2036 2037 2038 2039 2040:=
1 0.1389 0.1389 0.1389 0.1389 0.1389 0.1389 0.1389 0.1389 0.1389 0.1389 0.1389 0.1389 0.1389 0.1389 0.1389 0.1389 0.1389 0.1389 0.1389 0.1389 0.1389 0.1389 0.1389 0.1389 0.1389 0.1389 0.1389
2 0.1389 0.1389 0.1389 0.1389 0.1389 0.1389 0.1389 0.1389 0.1389 0.1389 0.1389 0.1389 0.1389 0.1389 0.1389 0.1389 0.1389 0.1389 0.1389 0.1389 0.1389 0.1389 0.1389 0.1389 0.1389 0.1389 0.1389
;

param EmissionsPenalty default 0 :=
;

param FixedCost default 0 :=
[Atlantis_00A,*,*]:
2014 2015 2016 2017 2018 2019 2020 2021 2022 2023 2024 2025 2026 2027 2028 2029 2030 2031 2032 2033 2034 2035 2036 2037 2038 2039 2040:=
DIESEL_GEN 55 55 55 55 55 55 55 55 55 55 55 55 55 55 55 55 55 55 55 55 55 55 55 55 55 55 55
DSGC 36 36 36 36 36 36 36 36 36 36 36 36 36 36 36 36 36 36 36 36 36 36 36 36 36 36 36
HFSC 50 50 50 50 50 50 50 50 50 50 50 50 50 50 50 50 50 50 50 50 50 50 50 50 50 50 50
HYDRO_DAM 60 60 60 60 60 60 60 60 60 60 60 60 60 60 60 60 60 60 60 60 60 60 60 60 60 60 60
HYDRO_MIN 65 65 65 65 65 65 65 65 65 65 65 65 65 65 65 65 65 65 65 65 65 65 65 65 65 65 65
IGCC 148 148 148 148 148 148 148 148 148 148 148 148 148 148 148 148 148 148 148 148 148 148 148 148 148 148 148
NGCC 44 44 44 44 44 44 44 44 44 44 44 44 44 44 44 44 44 44 44 44 44 44 44 44 44 44 44
NGSC 50 50 50 50 50 50 50 50 50 50 50 50 50 50 50 50 50 50 50 50 50 50 50 50 50 50 50
TRANS 0.96 0.96 0.96 0.96 0.96 0.96 0.96 0.96 0.96 0.96 0.96 0.96 0.96 0.96 0.96 0.96 0.96 0.96 0.96 0.96 0.96 0.96 0.96 0.96 0.96 0.96 0.96
;

param InputActivityRatio default 0 :=
[Atlantis_00A,DIESEL_GEN,DS,*,*]:
2014 2015 2016 2017 2018 2019 2020 2021 2022 2023 2024 2025 2026 2027 2028 2029 2030 2031 2032 2033 2034 2035 2036 2037 2038 2039 2040:=
1 2.857 2.857 2.857 2.857 2.857 2.857 2.857 2.857 2.857 2.857 2.857 2.857 2.857 2.857 2.857 2.857 2.857 2.857 2.857 2.857 2.857 2.857 2.857 2.857 2.857 2.857 2.857
2 2.857 2.857 2.857 2.857 2.857 2.857 2.857 2.857 2.857 2.857 2.857 2.857 2.857 2.857 2.857 2.857 2.857 2.857 2.857 2.857 2.857 2.857 2.857 2.857 2.857 2.857 2.857
[Atlantis_00A,DIST_IND,EL_Distribution,*,*]:
2014 2015 2016 2017 2018 2019 2020 2021 2022 2023 2024 2025 2026 2027 2028 2029 2030 2031 2032 2033 2034 2035 2036 2037 2038 2039 2040:=
1 1 1 1 1 1 1 1 1 1 1 1 1 1 1 1 1 1 1 1 1 1 1 1 1 1 1 1
2 1 1 1 1 1 1 1 1 1 1 1 1 1 1 1 1 1 1 1 1 1 1 1 1 1 1 1
[Atlantis_00A,DIST_RES,EL_Distribution,*,*]:
2014 2015 2016 2017 2018 2019 2020 2021 2022 2023 2024 2025 2026 2027 2028 2029 2030 2031 2032 2033 2034 2035 2036 2037 2038 2039 2040:=
1 1 1 1 1 1 1 1 1 1 1 1 1 1 1 1 1 1 1 1 1 1 1 1 1 1 1 1
2 1 1 1 1 1 1 1 1 1 1 1 1 1 1 1 1 1 1 1 1 1 1 1 1 1 1 1
[Atlantis_00A,DIST_SER,EL_Distribution,*,*]:
2014 2015 2016 2017 2018 2019 2020 2021 2022 2023 2024 2025 2026 2027 2028 2029 2030 2031 2032 2033 2034 2035 2036 2037 2038 2039 2040:=
1 1 1 1 1 1 1 1 1 1 1 1 1 1 1 1 1 1 1 1 1 1 1 1 1 1 1 1
2 1 1 1 1 1 1 1 1 1 1 1 1 1 1 1 1 1 1 1 1 1 1 1 1 1 1 1
[Atlantis_00A,DIST_TRA,EL_Distribution,*,*]:
2014 2015 2016 2017 2018 2019 2020 2021 2022 2023 2024 2025 2026 2027 2028 2029 2030 2031 2032 2033 2034 2035 2036 2037 2038 2039 2040:=
1 1 1 1 1 1 1 1 1 1 1 1 1 1 1 1 1 1 1 1 1 1 1 1 1 1 1 1
2 1 1 1 1 1 1 1 1 1 1 1 1 1 1 1 1 1 1 1 1 1 1 1 1 1 1 1
[Atlantis_00A,DSGC,DS,*,*]:
2014 2015 2016 2017 2018 2019 2020 2021 2022 2023 2024 2025 2026 2027 2028 2029 2030 2031 2032 2033 2034 2035 2036 2037 2038 2039 2040:=
1 6.57 6.57 6.57 6.57 6.57 6.57 6.57 6.57 6.57 6.57 6.57 6.57 6.57 6.57 6.57 6.57 6.57 6.57 6.57 6.57 6.57 6.57 6.57 6.57 6.57 6.57 6.57
2 6.57 6.57 6.57 6.57 6.57 6.57 6.57 6.57 6.57 6.57 6.57 6.57 6.57 6.57 6.57 6.57 6.57 6.57 6.57 6.57 6.57 6.57 6.57 6.57 6.57 6.57 6.57
[Atlantis_00A,HFSC,HF,*,*]:
2014 2015 2016 2017 2018 2019 2020 2021 2022 2023 2024 2025 2026 2027 2028 2029 2030 2031 2032 2033 2034 2035 2036 2037 2038 2039 2040:=
1 2.174 2.174 2.174 2.174 2.174 2.174 2.174 2.174 2.174 2.174 2.174 2.174 2.174 2.174 2.174 2.174 2.174 2.174 2.174 2.174 2.174 2.174 2.174 2.174 2.174 2.174 2.174
2 2.174 2.174 2.174 2.174 2.174 2.174 2.174 2.174 2.174 2.174 2.174 2.174 2.174 2.174 2.174 2.174 2.174 2.174 2.174 2.174 2.174 2.174 2.174 2.174 2.174 2.174 2.174
[Atlantis_00A,IGCC,CO,*,*]:
2014 2015 2016 2017 2018 2019 2020 2021 2022 2023 2024 2025 2026 2027 2028 2029 2030 2031 2032 2033 2034 2035 2036 2037 2038 2039 2040:=
1 2.083 2.083 2.083 2.083 2.083 2.083 2.083 2.083 2.083 2.083 2.083 2.083 2.083 2.083 2.083 2.083 2.083 2.083 2.083 2.083 2.083 2.083 2.083 2.083 2.083 2.083 2.083
2 2.083 2.083 2.083 2.083 2.083 2.083 2.083 2.083 2.083 2.083 2.083 2.083 2.083 2.083 2.083 2.083 2.083 2.083 2.083 2.083 2.083 2.083 2.083 2.083 2.083 2.083 2.083
[Atlantis_00A,NGCC,NG,*,*]:
2014 2015 2016 2017 2018 2019 2020 2021 2022 2023 2024 2025 2026 2027 2028 2029 2030 2031 2032 2033 2034 2035 2036 2037 2038 2039 2040:=
1 1.992 1.992 1.992 1.992 1.992 1.992 1.992 1.992 1.992 1.992 1.992 1.992 1.992 1.992 1.992 1.992 1.992 1.992 1.992 1.992 1.992 1.992 1.992 1.992 1.992 1.992 1.992
2 1.992 1.992 1.992 1.992 1.992 1.992 1.992 1.992 1.992 1.992 1.992 1.992 1.992 1.992 1.992 1.992 1.992 1.992 1.992 1.992 1.992 1.992 1.992 1.992 1.992 1.992 1.992
[Atlantis_00A,NGSC,NG,*,*]:
2014 2015 2016 2017 2018 2019 2020 2021 2022 2023 2024 2025 2026 2027 2028 2029 2030 2031 2032 2033 2034 2035 2036 2037 2038 2039 2040:=
1 2.174 2.174 2.174 2.174 2.174 2.174 2.174 2.174 2.174 2.174 2.174 2.174 2.174 2.174 2.174 2.174 2.174 2.174 2.174 2.174 2.174 2.174 2.174 2.174 2.174 2.174 2.174
2 2.174 2.174 2.174 2.174 2.174 2.174 2.174 2.174 2.174 2.174 2.174 2.174 2.174 2.174 2.174 2.174 2.174 2.174 2.174 2.174 2.174 2.174 2.174 2.174 2.174 2.174 2.174
[Atlantis_00A,NUCLEAR,UR,*,*]:
2014 2015 2016 2017 2018 2019 2020 2021 2022 2023 2024 2025 2026 2027 2028 2029 2030 2031 2032 2033 2034 2035 2036 2037 2038 2039 2040:=
1 3.333 3.333 3.333 3.333 3.333 3.333 3.333 3.333 3.333 3.333 3.333 3.333 3.333 3.333 3.333 3.333 3.333 3.333 3.333 3.333 3.333 3.333 3.333 3.333 3.333 3.333 3.333
2 3.333 3.333 3.333 3.333 3.333 3.333 3.333 3.333 3.333 3.333 3.333 3.333 3.333 3.333 3.333 3.333 3.333 3.333 3.333 3.333 3.333 3.333 3.333 3.333 3.333 3.333 3.333
[Atlantis_00A,TRANS,EL_Transmission,*,*]:
2014 2015 2016 2017 2018 2019 2020 2021 2022 2023 2024 2025 2026 2027 2028 2029 2030 2031 2032 2033 2034 2035 2036 2037 2038 2039 2040:=
1 1 1 1 1 1 1 1 1 1 1 1 1 1 1 1 1 1 1 1 1 1 1 1 1 1 1 1
2 1 1 1 1 1 1 1 1 1 1 1 1 1 1 1 1 1 1 1 1 1 1 1 1 1 1 1
;

param MinStorageCharge default 0 :=
;

param ModelPeriodEmissionLimit default 99999 :=
;

param ModelPeriodExogenousEmission default 0 :=
;

param OperationalLife default 1 :
CO_IMP CSP DIESEL_GEN DIST_IND DIST_RES DIST_SER DIST_TRA DS_IMP DSGC HF_IMP HFSC HYDRO_DAM HYDRO_MIN IGCC NG_IMP NGCC NGSC NUCLEAR PV_ROF PV_UTL TRANS UR_IMP WIND:=
Atlantis_00A 1 25 40 1 1 1 1 1 30 1 35 35 25 35 1 35 30 50 20 25 1 1 25
;

param OperationalLifeStorage default 0 :=
;

param OutputActivityRatio default 0 :=
[Atlantis_00A,CO_IMP,CO,*,*]:
2014 2015 2016 2017 2018 2019 2020 2021 2022 2023 2024 2025 2026 2027 2028 2029 2030 2031 2032 2033 2034 2035 2036 2037 2038 2039 2040:=
1 1 1 1 1 1 1 1 1 1 1 1 1 1 1 1 1 1 1 1 1 1 1 1 1 1 1 1
[Atlantis_00A,CSP,EL_Transmission,*,*]:
2014 2015 2016 2017 2018 2019 2020 2021 2022 2023 2024 2025 2026 2027 2028 2029 2030 2031 2032 2033 2034 2035 2036 2037 2038 2039 2040:=
1 1 1 1 1 1 1 1 1 1 1 1 1 1 1 1 1 1 1 1 1 1 1 1 1 1 1 1
[Atlantis_00A,DIESEL_GEN,EL_Distribution,*,*]:
2014 2015 2016 2017 2018 2019 2020 2021 2022 2023 2024 2025 2026 2027 2028 2029 2030 2031 2032 2033 2034 2035 2036 2037 2038 2039 2040:=
1 1 1 1 1 1 1 1 1 1 1 1 1 1 1 1 1 1 1 1 1 1 1 1 1 1 1 1
[Atlantis_00A,DIST_IND,EL_Industry,*,*]:
2014 2015 2016 2017 2018 2019 2020 2021 2022 2023 2024 2025 2026 2027 2028 2029 2030 2031 2032 2033 2034 2035 2036 2037 2038 2039 2040:=
1 0.9676 0.9676 0.9676 0.9676 0.9676 0.9676 0.9676 0.9676 0.9676 0.9676 0.9676 0.9676 0.9676 0.9676 0.9676 0.9676 0.9676 0.9676 0.9676 0.9676 0.9676 0.9676 0.9676 0.9676 0.9676 0.9676 0.9676
[Atlantis_00A,DIST_RES,EL_Residential,*,*]:
2014 2015 2016 2017 2018 2019 2020 2021 2022 2023 2024 2025 2026 2027 2028 2029 2030 2031 2032 2033 2034 2035 2036 2037 2038 2039 2040:=
1 0.9676 0.9676 0.9676 0.9676 0.9676 0.9676 0.9676 0.9676 0.9676 0.9676 0.9676 0.9676 0.9676 0.9676 0.9676 0.9676 0.9676 0.9676 0.9676 0.9676 0.9676 0.9676 0.9676 0.9676 0.9676 0.9676 0.9676
[Atlantis_00A,DIST_SER,EL_Services,*,*]:
2014 2015 2016 2017 2018 2019 2020 2021 2022 2023 2024 2025 2026 2027 2028 2029 2030 2031 2032 2033 2034 2035 2036 2037 2038 2039 2040:=
1 0.9676 0.9676 0.9676 0.9676 0.9676 0.9676 0.9676 0.9676 0.9676 0.9676 0.9676 0.9676 0.9676 0.9676 0.9676 0.9676 0.9676 0.9676 0.9676 0.9676 0.9676 0.9676 0.9676 0.9676 0.9676 0.9676 0.9676
[Atlantis_00A,DIST_TRA,EL_Transport,*,*]:
2014 2015 2016 2017 2018 2019 2020 2021 2022 2023 2024 2025 2026 2027 2028 2029 2030 2031 2032 2033 2034 2035 2036 2037 2038 2039 2040:=
1 0.9676 0.9676 0.9676 0.9676 0.9676 0.9676 0.9676 0.9676 0.9676 0.9676 0.9676 0.9676 0.9676 0.9676 0.9676 0.9676 0.9676 0.9676 0.9676 0.9676 0.9676 0.9676 0.9676 0.9676 0.9676 0.9676 0.9676
[Atlantis_00A,DS_IMP,DS,*,*]:
2014 2015 2016 2017 2018 2019 2020 2021 2022 2023 2024 2025 2026 2027 2028 2029 2030 2031 2032 2033 2034 2035 2036 2037 2038 2039 2040:=
1 1 1 1 1 1 1 1 1 1 1 1 1 1 1 1 1 1 1 1 1 1 1 1 1 1 1 1
[Atlantis_00A,DSGC,EL_Transmission,*,*]:
2014 2015 2016 2017 2018 2019 2020 2021 2022 2023 2024 2025 2026 2027 2028 2029 2030 2031 2032 2033 2034 2035 2036 2037 2038 2039 2040:=
1 1 1 1 1 1 1 1 1 1 1 1 1 1 1 1 1 1 1 1 1 1 1 1 1 1 1 1
[Atlantis_00A,HF_IMP,HF,*,*]:
2014 2015 2016 2017 2018 2019 2020 2021 2022 2023 2024 2025 2026 2027 2028 2029 2030 2031 2032 2033 2034 2035 2036 2037 2038 2039 2040:=
1 1 1 1 1 1 1 1 1 1 1 1 1 1 1 1 1 1 1 1 1 1 1 1 1 1 1 1
[Atlantis_00A,HFSC,EL_Transmission,*,*]:
2014 2015 2016 2017 2018 2019 2020 2021 2022 2023 2024 2025 2026 2027 2028 2029 2030 2031 2032 2033 2034 2035 2036 2037 2038 2039 2040:=
1 1 1 1 1 1 1 1 1 1 1 1 1 1 1 1 1 1 1 1 1 1 1 1 1 1 1 1
[Atlantis_00A,HYDRO_DAM,EL_Transmission,*,*]:
2014 2015 2016 2017 2018 2019 2020 2021 2022 2023 2024 2025 2026 2027 2028 2029 2030 2031 2032 2033 2034 2035 2036 2037 2038 2039 2040:=
1 1 1 1 1 1 1 1 1 1 1 1 1 1 1 1 1 1 1 1 1 1 1 1 1 1 1 1
[Atlantis_00A,HYDRO_MIN,EL_Transmission,*,*]:
2014 2015 2016 2017 2018 2019 2020 2021 2022 2023 2024 2025 2026 2027 2028 2029 2030 2031 2032 2033 2034 2035 2036 2037 2038 2039 2040:=
1 1 1 1 1 1 1 1 1 1 1 1 1 1 1 1 1 1 1 1 1 1 1 1 1 1 1 1
[Atlantis_00A,IGCC,EL_Transmission,*,*]:
2014 2015 2016 2017 2018 2019 2020 2021 2022 2023 2024 2025 2026 2027 2028 2029 2030 2031 2032 2033 2034 2035 2036 2037 2038 2039 2040:=
1 1 1 1 1 1 1 1 1 1 1 1 1 1 1 1 1 1 1 1 1 1 1 1 1 1 1 1
[Atlantis_00A,NG_IMP,NG,*,*]:
2014 2015 2016 2017 2018 2019 2020 2021 2022 2023 2024 2025 2026 2027 2028 2029 2030 2031 2032 2033 2034 2035 2036 2037 2038 2039 2040:=
1 1 1 1 1 1 1 1 1 1 1 1 1 1 1 1 1 1 1 1 1 1 1 1 1 1 1 1
2 1 1 1 1 1 1 1 1 1 1 1 1 1 1 1 1 1 1 1 1 1 1 1 1 1 1 1
[Atlantis_00A,NGCC,EL_Transmission,*,*]:
2014 2015 2016 2017 2018 2019 2020 2021 2022 2023 2024 2025 2026 2027 2028 2029 2030 2031 2032 2033 2034 2035 2036 2037 2038 2039 2040:=
1 1 1 1 1 1 1 1 1 1 1 1 1 1 1 1 1 1 1 1 1 1 1 1 1 1 1 1
[Atlantis_00A,NGSC,EL_Transmission,*,*]:
2014 2015 2016 2017 2018 2019 2020 2021 2022 2023 2024 2025 2026 2027 2028 2029 2030 2031 2032 2033 2034 2035 2036 2037 2038 2039 2040:=
1 1 1 1 1 1 1 1 1 1 1 1 1 1 1 1 1 1 1 1 1 1 1 1 1 1 1 1
[Atlantis_00A,NUCLEAR,EL_Transmission,*,*]:
2014 2015 2016 2017 2018 2019 2020 2021 2022 2023 2024 2025 2026 2027 2028 2029 2030 2031 2032 2033 2034 2035 2036 2037 2038 2039 2040:=
1 1 1 1 1 1 1 1 1 1 1 1 1 1 1 1 1 1 1 1 1 1 1 1 1 1 1 1
[Atlantis_00A,PV_UTL,EL_Transmission,*,*]:
2014 2015 2016 2017 2018 2019 2020 2021 2022 2023 2024 2025 2026 2027 2028 2029 2030 2031 2032 2033 2034 2035 2036 2037 2038 2039 2040:=
1 1 1 1 1 1 1 1 1 1 1 1 1 1 1 1 1 1 1 1 1 1 1 1 1 1 1 1
[Atlantis_00A,TRANS,EL_Distribution,*,*]:
2014 2015 2016 2017 2018 2019 2020 2021 2022 2023 2024 2025 2026 2027 2028 2029 2030 2031 2032 2033 2034 2035 2036 2037 2038 2039 2040:=
1 0.9848 0.9848 0.9848 0.9848 0.9848 0.9848 0.9848 0.9848 0.9848 0.9848 0.9848 0.9848 0.9848 0.9848 0.9848 0.9848 0.9848 0.9848 0.9848 0.9848 0.9848 0.9848 0.9848 0.9848 0.9848 0.9848 0.9848
[Atlantis_00A,UR_IMP,UR,*,*]:
2014 2015 2016 2017 2018 2019 2020 2021 2022 2023 2024 2025 2026 2027 2028 2029 2030 2031 2032 2033 2034 2035 2036 2037 2038 2039 2040:=
1 1 1 1 1 1 1 1 1 1 1 1 1 1 1 1 1 1 1 1 1 1 1 1 1 1 1 1
[Atlantis_00A,WIND,EL_Transmission,*,*]:
2014 2015 2016 2017 2018 2019 2020 2021 2022 2023 2024 2025 2026 2027 2028 2029 2030 2031 2032 2033 2034 2035 2036 2037 2038 2039 2040:=
1 1 1 1 1 1 1 1 1 1 1 1 1 1 1 1 1 1 1 1 1 1 1 1 1 1 1 1
;

param REMinProductionTarget default 0 :
2014 2015 2016 2017 2018 2019 2020 2021 2022 2023 2024 2025 2026 2027 2028 2029 2030 2031 2032 2033 2034 2035 2036 2037 2038 2039 2040:=
Atlantis_00A 0 0 0 0 0.2 0.2 0.2 0.2 0.3 0.3 0.3 0.4 0.4 0.4 0.4 0.4 0.5 0.5 0.5 0.5 0.5 0.5 0.5 0.5 0.5 0.5 0.5
;

param RETagFuel default 0 :=
[Atlantis_00A,*,*]:
2014 2015 2016 2017 2018 2019 2020 2021 2022 2023 2024 2025 2026 2027 2028 2029 2030 2031 2032 2033 2034 2035 2036 2037 2038 2039 2040:=
EL_Residential 1 1 1 1 1 1 1 1 1 1 1 1 1 1 1 1 1 1 1 1 1 1 1 1 1 1 1
EL_Transmission 1 1 1 1 1 1 1 1 1 1 1 1 1 1 1 1 1 1 1 1 1 1 1 1 1 1 1
;

param RETagTechnology default 0 :=
[Atlantis_00A,*,*]:
2014 2015 2016 2017 2018 2019 2020 2021 2022 2023 2024 2025 2026 2027 2028 2029 2030 2031 2032 2033 2034 2035 2036 2037 2038 2039 2040:=
CSP 1 1 1 1 1 1 1 1 1 1 1 1 1 1 1 1 1 1 1 1 1 1 1 1 1 1 1
PV_ROF 1 1 1 1 1 1 1 1 1 1 1 1 1 1 1 1 1 1 1 1 1 1 1 1 1 1 1
PV_UTL 1 1 1 1 1 1 1 1 1 1 1 1 1 1 1 1 1 1 1 1 1 1 1 1 1 1 1
WIND 1 1 1 1 1 1 1 1 1 1 1 1 1 1 1 1 1 1 1 1 1 1 1 1 1 1 1
;

param ReserveMargin default 0 :
2014 2015 2016 2017 2018 2019 2020 2021 2022 2023 2024 2025 2026 2027 2028 2029 2030 2031 2032 2033 2034 2035 2036 2037 2038 2039 2040:=
Atlantis_00A 1.18 1.18 1.18 1.18 1.18 1.18 1.18 1.18 1.18 1.18 1.18 1.18 1.18 1.18 1.18 1.18 1.18 1.18 1.18 1.18 1.18 1.18 1.18 1.18 1.18 1.18 1.18
;

param ReserveMarginTagFuel default 0 :=
[Atlantis_00A,*,*]:
2014 2015 2016 2017 2018 2019 2020 2021 2022 2023 2024 2025 2026 2027 2028 2029 2030 2031 2032 2033 2034 2035 2036 2037 2038 2039 2040:=
EL_Transmission 1 1 1 1 1 1 1 1 1 1 1 1 1 1 1 1 1 1 1 1 1 1 1 1 1 1 1
;

param ReserveMarginTagTechnology default 0 :=
[Atlantis_00A,*,*]:
2014 2015 2016 2017 2018 2019 2020 2021 2022 2023 2024 2025 2026 2027 2028 2029 2030 2031 2032 2033 2034 2035 2036 2037 2038 2039 2040:=
HFSC 0.5 0.5 0.5 0.5 0.5 0.5 0.5 0.5 0.5 0.5 0.5 0.5 0.5 0.5 0.5 0.5 0.5 0.5 0.5 0.5 0.5 0.5 0.5 0.5 0.5 0.5 0.5
NGCC 1 1 1 1 1 1 1 1 1 1 1 1 1 1 1 1 1 1 1 1 1 1 1 1 1 1 1
NGSC 1 1 1 1 1 1 1 1 1 1 1 1 1 1 1 1 1 1 1 1 1 1 1 1 1 1 1
NUCLEAR 1 1 1 1 1 1 1 1 1 1 1 1 1 1 1 1 1 1 1 1 1 1 1 1 1 1 1
;

param ResidualCapacity default 0 :=
[Atlantis_00A,*,*]:
2014 2015 2016 2017 2018 2019 2020 2021 2022 2023 2024 2025 2026 2027 2028 2029 2030 2031 2032 2033 2034 2035 2036 2037 2038 2039 2040:=
DSGC 0.15 0.15 0.15 0.15 0.15 0 0 0 0 0 0 0 0 0 0 0 0 0 0 0 0 0 0 0 0 0 0
HFSC 0.05 0.05 0.05 0.05 0.05 0.05 0.05 0.06 0.06 0.06 0.06 0.06 0.06 0.06 0.06 0.06 0.06 0.06 0.06 0.06 0.06 0.06 0.06 0.06 0.06 0.06 0.06
HYDRO_DAM 0.04 0.04 0.04 0.04 0.04 0 0 0 0 0 0 0 0 0 0 0 0 0 0 0 0 0 0 0 0 0 0
HYDRO_MIN 0.01 0.01 0.01 0.01 0.01 0 0 0 0 0 0 0 0 0 0 0 0 0 0 0 0 0 0 0 0 0 0
IGCC 0.03 0.03 0.03 0.03 0.03 0.03 0.03 0.03 0.03 0.03 0.03 0.03 0.03 0.03 0.03 0.03 0.03 0.03 0.03 0.03 0.03 0.03 0.03 0.03 0.03 0.03 0.03
NGSC 0.1 0.1 0.1 0.1 0.1 0.1 0.1 0 0 0 0 0 0 0 0 0 0 0 0 0 0 0 0 0 0 0 0
;

param ResidualStorageCapacity default 999 :=
;

param SpecifiedAnnualDemand default 0 :=
[Atlantis_00A,*,*]:
2014 2015 2016 2017 2018 2019 2020 2021 2022 2023 2024 2025 2026 2027 2028 2029 2030 2031 2032 2033 2034 2035 2036 2037 2038 2039 2040:=
EL_Industry 2.153 2.164 2.211 2.277 2.359 2.44 2.517 2.608 2.703 2.806 2.873 2.923 2.976 3.034 3.097 3.167 3.244 3.324 3.406 3.489 3.573 3.659 3.748 3.842 3.941 4.045 4.154
EL_Residential 2.214 2.225 2.274 2.342 2.426 2.509 2.589 2.683 2.78 2.886 2.955 3.006 3.061 3.121 3.186 3.258 3.336 3.419 3.503 3.589 3.676 3.763 3.855 3.952 4.054 4.161 4.273
EL_Services 1.538 1.545 1.579 1.627 1.685 1.743 1.798 1.863 1.931 2.004 2.052 2.088 2.126 2.167 2.212 2.262 2.317 2.375 2.433 2.492 2.552 2.613 2.677 2.744 2.815 2.889 2.967
EL_Transport 0.246 0.247 0.253 0.26 0.27 0.279 0.288 0.298 0.309 0.321 0.328 0.334 0.34 0.347 0.354 0.362 0.371 0.38 0.389 0.399 0.408 0.418 0.428 0.439 0.45 0.462 0.475
;

param SpecifiedDemandProfile default 0 :=
[Atlantis_00A,EL_Industry,*,*]:
2014 2015 2016 2017 2018 2019 2020 2021 2022 2023 2024 2025 2026 2027 2028 2029 2030 2031 2032 2033 2034 2035 2036 2037 2038 2039 2040:=
ID 0.167 0.167 0.167 0.167 0.167 0.167 0.167 0.167 0.167 0.167 0.167 0.167 0.167 0.167 0.167 0.167 0.167 0.167 0.167 0.167 0.167 0.167 0.167 0.167 0.167 0.167 0.167
IN 0.167 0.167 0.167 0.167 0.167 0.167 0.167 0.167 0.167 0.167 0.167 0.167 0.167 0.167 0.167 0.167 0.167 0.167 0.167 0.167 0.167 0.167 0.167 0.167 0.167 0.167 0.167
SD 0.167 0.167 0.167 0.167 0.167 0.167 0.167 0.167 0.167 0.167 0.167 0.167 0.167 0.167 0.167 0.167 0.167 0.167 0.167 0.167 0.167 0.167 0.167 0.167 0.167 0.167 0.167
SN 0.167 0.167 0.167 0.167 0.167 0.167 0.167 0.167 0.167 0.167 0.167 0.167 0.167 0.167 0.167 0.167 0.167 0.167 0.167 0.167 0.167 0.167 0.167 0.167 0.167 0.167 0.167
WD 0.167 0.167 0.167 0.167 0.167 0.167 0.167 0.167 0.167 0.167 0.167 0.167 0.167 0.167 0.167 0.167 0.167 0.167 0.167 0.167 0.167 0.167 0.167 0.167 0.167 0.167 0.167
WN 0.167 0.167 0.167 0.167 0.167 0.167 0.167 0.167 0.167 0.167 0.167 0.167 0.167 0.167 0.167 0.167 0.167 0.167 0.167 0.167 0.167 0.167 0.167 0.167 0.167 0.167 0.167
[Atlantis_00A,EL_Residential,*,*]:
2014 2015 2016 2017 2018 2019 2020 2021 2022 2023 2024 2025 2026 2027 2028 2029 2030 2031 2032 2033 2034 2035 2036 2037 2038 2039 2040:=
ID 0.12 0.12 0.12 0.12 0.12 0.12 0.12 0.12 0.12 0.12 0.12 0.12 0.12 0.12 0.12 0.12 0.12 0.12 0.12 0.12 0.12 0.12 0.12 0.12 0.12 0.12 0.12
IN 0.08 0.08 0.08 0.08 0.08 0.08 0.08 0.08 0.08 0.08 0.08 0.08 0.08 0.08 0.08 0.08 0.08 0.08 0.08 0.08 0.08 0.08 0.08 0.08 0.08 0.08 0.08
SD 0.15 0.15 0.15 0.15 0.15 0.15 0.15 0.15 0.15 0.15 0.15 0.15 0.15 0.15 0.15 0.15 0.15 0.15 0.15 0.15 0.15 0.15 0.15 0.15 0.15 0.15 0.15
SN 0.05 0.05 0.05 0.05 0.05 0.05 0.05 0.05 0.05 0.05 0.05 0.05 0.05 0.05 0.05 0.05 0.05 0.05 0.05 0.05 0.05 0.05 0.05 0.05 0.05 0.05 0.05
WD 0.4 0.4 0.4 0.4 0.4 0.4 0.4 0.4 0.4 0.4 0.4 0.4 0.4 0.4 0.4 0.4 0.4 0.4 0.4 0.4 0.4 0.4 0.4 0.4 0.4 0.4 0.4
WN 0.2 0.2 0.2 0.2 0.2 0.2 0.2 0.2 0.2 0.2 0.2 0.2 0.2 0.2 0.2 0.2 0.2 0.2 0.2 0.2 0.2 0.2 0.2 0.2 0.2 0.2 0.2
[Atlantis_00A,EL_Services,*,*]:
2014 2015 2016 2017 2018 2019 2020 2021 2022 2023 2024 2025 2026 2027 2028 2029 2030 2031 2032 2033 2034 2035 2036 2037 2038 2039 2040:=
ID 0.26 0.26 0.26 0.26 0.26 0.26 0.26 0.26 0.26 0.26 0.26 0.26 0.26 0.26 0.26 0.26 0.26 0.26 0.26 0.26 0.26 0.26 0.26 0.26 0.26 0.26 0.26
IN 0.07 0.07 0.07 0.07 0.07 0.07 0.07 0.07 0.07 0.07 0.07 0.07 0.07 0.07 0.07 0.07 0.07 0.07 0.07 0.07 0.07 0.07 0.07 0.07 0.07 0.07 0.07
SD 0.22 0.22 0.22 0.22 0.22 0.22 0.22 0.22 0.22 0.22 0.22 0.22 0.22 0.22 0.22 0.22 0.22 0.22 0.22 0.22 0.22 0.22 0.22 0.22 0.22 0.22 0.22
SN 0.05 0.05 0.05 0.05 0.05 0.05 0.05 0.05 0.05 0.05 0.05 0.05 0.05 0.05 0.05 0.05 0.05 0.05 0.05 0.05 0.05 0.05 0.05 0.05 0.05 0.05 0.05
WD 0.3 0.3 0.3 0.3 0.3 0.3 0.3 0.3 0.3 0.3 0.3 0.3 0.3 0.3 0.3 0.3 0.3 0.3 0.3 0.3 0.3 0.3 0.3 0.3 0.3 0.3 0.3
WN 0.1 0.1 0.1 0.1 0.1 0.1 0.1 0.1 0.1 0.1 0.1 0.1 0.1 0.1 0.1 0.1 0.1 0.1 0.1 0.1 0.1 0.1 0.1 0.1 0.1 0.1 0.1
[Atlantis_00A,EL_Transport,*,*]:
2014 2015 2016 2017 2018 2019 2020 2021 2022 2023 2024 2025 2026 2027 2028 2029 2030 2031 2032 2033 2034 2035 2036 2037 2038 2039 2040:=
ID 0.32 0.32 0.32 0.32 0.32 0.32 0.32 0.32 0.32 0.32 0.32 0.32 0.32 0.32 0.32 0.32 0.32 0.32 0.32 0.32 0.32 0.32 0.32 0.32 0.32 0.32 0.32
IN 0.05 0.05 0.05 0.05 0.05 0.05 0.05 0.05 0.05 0.05 0.05 0.05 0.05 0.05 0.05 0.05 0.05 0.05 0.05 0.05 0.05 0.05 0.05 0.05 0.05 0.05 0.05
SD 0.15 0.15 0.15 0.15 0.15 0.15 0.15 0.15 0.15 0.15 0.15 0.15 0.15 0.15 0.15 0.15 0.15 0.15 0.15 0.15 0.15 0.15 0.15 0.15 0.15 0.15 0.15
SN 0.05 0.05 0.05 0.05 0.05 0.05 0.05 0.05 0.05 0.05 0.05 0.05 0.05 0.05 0.05 0.05 0.05 0.05 0.05 0.05 0.05 0.05 0.05 0.05 0.05 0.05 0.05
WD 0.35 0.35 0.35 0.35 0.35 0.35 0.35 0.35 0.35 0.35 0.35 0.35 0.35 0.35 0.35 0.35 0.35 0.35 0.35 0.35 0.35 0.35 0.35 0.35 0.35 0.35 0.35
WN 0.08 0.08 0.08 0.08 0.08 0.08 0.08 0.08 0.08 0.08 0.08 0.08 0.08 0.08 0.08 0.08 0.08 0.08 0.08 0.08 0.08 0.08 0.08 0.08 0.08 0.08 0.08
;

param StorageLevelStart default 0 :=
;

param StorageMaxChargeRate default 0 :=
;

param StorageMaxDischargeRate default 0 :=
;

param TechnologyFromStorage default 0 :=
[Atlantis_00A,HYDRO_DAM,*,*]:
1 2:=
DAM 1 0
;

param TechnologyToStorage default 0 :=
[Atlantis_00A,HYDRO_DAM,*,*]:
1 2:=
DAM 0 1
;

param TotalAnnualMaxCapacity default 99999 :=
[Atlantis_00A,*,*]:
2014 2015 2016 2017 2018 2019 2020 2021 2022 2023 2024 2025 2026 2027 2028 2029 2030 2031 2032 2033 2034 2035 2036 2037 2038 2039 2040:=
CSP 0 0 0 0 0.5 0.5 0.5 0.5 99999 99999 99999 99999 99999 99999 99999 99999 99999 99999 99999 99999 99999 99999 99999 99999 99999 99999 99999
DIESEL_GEN 0.5 0.5 0.5 0.5 0.5 0.5 0.5 0.5 0.5 0.5 0.5 0.5 0.5 0.5 0.5 0.5 0.5 0.5 0.5 0.5 0.5 0.5 0.5 0.5 0.5 0.5 0.5
HFSC 0.5 0.5 0.5 0.5 0.5 0.5 0.5 0.5 0.5 0.5 0.5 0.5 0.5 0.5 0.5 0.5 0.5 0.5 0.5 0.5 0.5 0.5 0.5 0.5 0.5 0.5 0.5
HYDRO_DAM 0.3 0.3 0.3 0.3 0.3 0.3 0.3 0.3 0.3 0.3 0.3 0.3 0.3 0.3 0.3 0.3 0.3 0.3 0.3 0.3 0.3 0.3 0.3 0.3 0.3 0.3 0.3
HYDRO_MIN 0.5 0.5 0.5 0.5 0.5 0.5 0.5 0.5 0.5 0.5 0.5 0.5 0.5 0.5 0.5 0.5 0.5 0.5 0.5 0.5 0.5 0.5 0.5 0.5 0.5 0.5 0.5
NGCC 0 0 0 0.3 0.3 0.3 0.3 99999 99999 99999 99999 99999 99999 99999 99999 99999 99999 99999 99999 99999 99999 99999 99999 99999 99999 99999 99999
NUCLEAR 0 0 0 0 0.2 0.2 0.2 0.2 0.2 0.2 0.2 0.2 0.2 0.2 0.2 0.2 0.4 0.4 0.4 0.4 0.4 0.4 0.6 0.6 0.6 0.6 0.6
PV_ROF 0 0 0 0 0.2 0.2 0.2 0.2 99999 99999 99999 99999 99999 99999 99999 99999 99999 99999 99999 99999 99999 99999 99999 99999 99999 99999 99999
PV_UTL 0 0 0 0 0.15 0.15 0.15 0.15 99999 99999 99999 99999 99999 99999 99999 99999 99999 99999 99999 99999 99999 99999 99999 99999 99999 99999 99999
WIND 0 0 0 0 0.1 0.1 0.1 0.1 99999 99999 99999 99999 99999 99999 99999 99999 99999 99999 99999 99999 99999 99999 99999 99999 99999 99999 99999
;

param TotalAnnualMaxCapacityInvestment default 99999 :=
;

param TotalAnnualMinCapacity default 0 :=
;

param TotalAnnualMinCapacityInvestment default 0 :=
;

param TotalTechnologyAnnualActivityLowerLimit default 0 :=
;

param TotalTechnologyAnnualActivityUpperLimit default 99999 :=
[Atlantis_00A,*,*]:
2014 2015 2016 2017 2018 2019 2020 2021 2022 2023 2024 2025 2026 2027 2028 2029 2030 2031 2032 2033 2034 2035 2036 2037 2038 2039 2040:=
NUCLEAR 1 1 1 1 1 1 1 1 2 2 2 2 2 2 2 2 2 2 2 2 2 2 2 2 2 2 2
WIND 1 1 1 1 1 1 1 1 1 1 1 1 1 1 1 1 1 1 1 1 1 1 1 1 1 1 1
;

param TotalTechnologyModelPeriodActivityLowerLimit default 0 :=
;

param TotalTechnologyModelPeriodActivityUpperLimit default 99999 :=
;

param TradeRoute default 0 :=
;

param VariableCost default 0 :=
[Atlantis_00A,CO_IMP,*,*]:
2014 2015 2016 2017 2018 2019 2020 2021 2022 2023 2024 2025 2026 2027 2028 2029 2030 2031 2032 2033 2034 2035 2036 2037 2038 2039 2040:=
1 5.556 5.556 5.556 5.556 5.556 5.556 5.556 5.556 5.556 5.556 5.556 5.556 5.556 5.556 5.556 5.556 5.556 5.556 5.556 5.556 5.556 5.556 5.556 5.556 5.556 5.556 5.556
2 99999 99999 99999 99999 99999 99999 99999 99999 99999 99999 99999 99999 99999 99999 99999 99999 99999 99999 99999 99999 99999 99999 99999 99999 99999 99999 99999
[Atlantis_00A,CSP,*,*]:
2014 2015 2016 2017 2018 2019 2020 2021 2022 2023 2024 2025 2026 2027 2028 2029 2030 2031 2032 2033 2034 2035 2036 2037 2038 2039 2040:=
1 46 46 46 46 46 46 46 46 46 46 46 46 46 46 46 46 46 46 46 46 46 46 46 46 46 46 46
2 46 46 46 46 46 46 46 46 46 46 46 46 46 46 46 46 46 46 46 46 46 46 46 46 46 46 46
[Atlantis_00A,DIESEL_GEN,*,*]:
2014 2015 2016 2017 2018 2019 2020 2021 2022 2023 2024 2025 2026 2027 2028 2029 2030 2031 2032 2033 2034 2035 2036 2037 2038 2039 2040:=
2 3.34 3.34 3.34 3.34 3.34 3.34 3.34 3.34 3.34 3.34 3.34 3.34 3.34 3.34 3.34 3.34 3.34 3.34 3.34 3.34 3.34 3.34 3.34 3.34 3.34 3.34 3.34
[Atlantis_00A,DIST_IND,*,*]:
2014 2015 2016 2017 2018 2019 2020 2021 2022 2023 2024 2025 2026 2027 2028 2029 2030 2031 2032 2033 2034 2035 2036 2037 2038 2039 2040:=
1 0.12811 0.12811 0.12811 0.12811 0.12811 0.12811 0.12811 0.12811 0.12811 0.12811 0.12811 0.12811 0.12811 0.12811 0.12811 0.12811 0.12811 0.12811 0.12811 0.12811 0.12811 0.12811 0.12811 0.12811 0.12811 0.12811 0.12811
2 99999 99999 99999 99999 99999 99999 99999 99999 99999 99999 99999 99999 99999 99999 99999 99999 99999 99999 99999 99999 99999 99999 99999 99999 99999 99999 99999
[Atlantis_00A,DIST_RES,*,*]:
2014 2015 2016 2017 2018 2019 2020 2021 2022 2023 2024 2025 2026 2027 2028 2029 2030 2031 2032 2033 2034 2035 2036 2037 2038 2039 2040:=
1 0.12811 0.12811 0.12811 0.12811 0.12811 0.12811 0.12811 0.12811 0.12811 0.12811 0.12811 0.12811 0.12811 0.12811 0.12811 0.12811 0.12811 0.12811 0.12811 0.12811 0.12811 0.12811 0.12811 0.12811 0.12811 0.12811 0.12811
2 99999 99999 99999 99999 99999 99999 99999 99999 99999 99999 99999 99999 99999 99999 99999 99999 99999 99999 99999 99999 99999 99999 99999 99999 99999 99999 99999
[Atlantis_00A,DIST_SER,*,*]:
2014 2015 2016 2017 2018 2019 2020 2021 2022 2023 2024 2025 2026 2027 2028 2029 2030 2031 2032 2033 2034 2035 2036 2037 2038 2039 2040:=
1 0.12811 0.12811 0.12811 0.12811 0.12811 0.12811 0.12811 0.12811 0.12811 0.12811 0.12811 0.12811 0.12811 0.12811 0.12811 0.12811 0.12811 0.12811 0.12811 0.12811 0.12811 0.12811 0.12811 0.12811 0.12811 0.12811 0.12811
2 99999 99999 99999 99999 99999 99999 99999 99999 99999 99999 99999 99999 99999 99999 99999 99999 99999 99999 99999 99999 99999 99999 99999 99999 99999 99999 99999
[Atlantis_00A,DIST_TRA,*,*]:
2014 2015 2016 2017 2018 2019 2020 2021 2022 2023 2024 2025 2026 2027 2028 2029 2030 2031 2032 2033 2034 2035 2036 2037 2038 2039 2040:=
1 0.12811 0.12811 0.12811 0.12811 0.12811 0.12811 0.12811 0.12811 0.12811 0.12811 0.12811 0.12811 0.12811 0.12811 0.12811 0.12811 0.12811 0.12811 0.12811 0.12811 0.12811 0.12811 0.12811 0.12811 0.12811 0.12811 0.12811
2 99999 99999 99999 99999 99999 99999 99999 99999 99999 99999 99999 99999 99999 99999 99999 99999 99999 99999 99999 99999 99999 99999 99999 99999 99999 99999 99999
[Atlantis_00A,DS_IMP,*,*]:
2014 2015 2016 2017 2018 2019 2020 2021 2022 2023 2024 2025 2026 2027 2028 2029 2030 2031 2032 2033 2034 2035 2036 2037 2038 2039 2040:=
1 16.667 16.667 16.667 16.667 16.667 16.667 16.667 16.667 16.667 16.667 16.667 16.667 16.667 16.667 16.667 16.667 16.667 16.667 16.667 16.667 16.667 16.667 16.667 16.667 16.667 16.667 16.667
2 99999 99999 99999 99999 99999 99999 99999 99999 99999 99999 99999 99999 99999 99999 99999 99999 99999 99999 99999 99999 99999 99999 99999 99999 99999 99999 99999
[Atlantis_00A,HF_IMP,*,*]:
2014 2015 2016 2017 2018 2019 2020 2021 2022 2023 2024 2025 2026 2027 2028 2029 2030 2031 2032 2033 2034 2035 2036 2037 2038 2039 2040:=
1 13.652 8.357 9.571 10.786 12 13.215 14.43 14.57 14.71 14.851 14.991 15.131 15.272 15.412 15.552 15.693 15.833 15.948 16.063 16.178 16.293 16.408 16.408 16.408 16.408 16.408 16.408
2 99999 99999 99999 99999 99999 99999 99999 99999 99999 99999 99999 99999 99999 99999 99999 99999 99999 99999 99999 99999 99999 99999 99999 99999 99999 99999 99999
[Atlantis_00A,NG_IMP,*,*]:
2014 2015 2016 2017 2018 2019 2020 2021 2022 2023 2024 2025 2026 2027 2028 2029 2030 2031 2032 2033 2034 2035 2036 2037 2038 2039 2040:=
1 11.111 11.111 11.111 11.111 11.111 11.111 11.111 11.111 11.111 11.111 11.111 11.111 11.111 11.111 11.111 11.111 11.111 11.111 11.111 11.111 11.111 11.111 11.111 11.111 11.111 11.111 11.111
2 99999 99999 99999 99999 99999 99999 99999 99999 99999 99999 99999 99999 99999 99999 99999 99999 99999 99999 99999 99999 99999 99999 99999 99999 99999 99999 99999
[Atlantis_00A,NUCLEAR,*,*]:
2014 2015 2016 2017 2018 2019 2020 2021 2022 2023 2024 2025 2026 2027 2028 2029 2030 2031 2032 2033 2034 2035 2036 2037 2038 2039 2040:=
1 4.167 4.167 4.167 4.167 4.167 4.167 4.167 4.167 4.167 4.167 4.167 4.167 4.167 4.167 4.167 4.167 4.167 4.167 4.167 4.167 4.167 4.167 4.167 4.167 4.167 4.167 4.167
2 4.167 4.167 4.167 4.167 4.167 4.167 4.167 4.167 4.167 4.167 4.167 4.167 4.167 4.167 4.167 4.167 4.167 4.167 4.167 4.167 4.167 4.167 4.167 4.167 4.167 4.167 4.167
[Atlantis_00A,PV_ROF,*,*]:
2014 2015 2016 2017 2018 2019 2020 2021 2022 2023 2024 2025 2026 2027 2028 2029 2030 2031 2032 2033 2034 2035 2036 2037 2038 2039 2040:=
1 20 20 20 20 20 20 20 19 19 19 19 19 18 18 18 18 18 17 17 17 17 17 17 17 17 17 17
2 20 20 20 20 20 20 20 19 19 19 19 19 18 18 18 18 18 17 17 17 17 17 17 17 17 17 17
[Atlantis_00A,PV_UTL,*,*]:
2014 2015 2016 2017 2018 2019 2020 2021 2022 2023 2024 2025 2026 2027 2028 2029 2030 2031 2032 2033 2034 2035 2036 2037 2038 2039 2040:=
1 60 60 60 60 60 60 60 45 45 45 45 45 40 40 40 40 40 37 37 37 37 37 37 37 37 37 37
2 60 60 60 60 60 60 60 45 45 45 45 45 40 40 40 40 40 37 37 37 37 37 37 37 37 37 37
[Atlantis_00A,TRANS,*,*]:
2014 2015 2016 2017 2018 2019 2020 2021 2022 2023 2024 2025 2026 2027 2028 2029 2030 2031 2032 2033 2034 2035 2036 2037 2038 2039 2040:=
1 0.081 0.081 0.081 0.081 0.081 0.081 0.081 0.081 0.081 0.081 0.081 0.081 0.081 0.081 0.081 0.081 0.081 0.081 0.081 0.081 0.081 0.081 0.081 0.081 0.081 0.081 0.081
2 99999 99999 99999 99999 99999 99999 99999 99999 99999 99999 99999 99999 99999 99999 99999 99999 99999 99999 99999 99999 99999 99999 99999 99999 99999 99999 99999
[Atlantis_00A,UR_IMP,*,*]:
2014 2015 2016 2017 2018 2019 2020 2021 2022 2023 2024 2025 2026 2027 2028 2029 2030 2031 2032 2033 2034 2035 2036 2037 2038 2039 2040:=
1 2.778 2.778 2.778 2.778 2.778 2.778 2.778 2.778 2.778 2.778 2.778 2.778 2.778 2.778 2.778 2.778 2.778 2.778 2.778 2.778 2.778 2.778 2.778 2.778 2.778 2.778 2.778
2 99999 99999 99999 99999 99999 99999 99999 99999 99999 99999 99999 99999 99999 99999 99999 99999 99999 99999 99999 99999 99999 99999 99999 99999 99999 99999 99999
[Atlantis_00A,WIND,*,*]:
2014 2015 2016 2017 2018 2019 2020 2021 2022 2023 2024 2025 2026 2027 2028 2029 2030 2031 2032 2033 2034 2035 2036 2037 2038 2039 2040:=
1 4.167 4.167 4.167 4.167 4.167 4.167 4.167 4.167 4.167 4.167 4.167 4.167 4.167 4.167 4.167 4.167 4.167 4.167 4.167 4.167 4.167 4.167 4.167 4.167 4.167 4.167 4.167
2 4.167 4.167 4.167 4.167 4.167 4.167 4.167 4.167 4.167 4.167 4.167 4.167 4.167 4.167 4.167 4.167 4.167 4.167 4.167 4.167 4.167 4.167 4.167 4.167 4.167 4.167 4.167
;

param YearSplit default 0 :
2014 2015 2016 2017 2018 2019 2020 2021 2022 2023 2024 2025 2026 2027 2028 2029 2030 2031 2032 2033 2034 2035 2036 2037 2038 2039 2040:=
ID 0.1667 0.1667 0.1667 0.1667 0.1667 0.1667 0.1667 0.1667 0.1667 0.1667 0.1667 0.1667 0.1667 0.1667 0.1667 0.1667 0.1667 0.1667 0.1667 0.1667 0.1667 0.1667 0.1667 0.1667 0.1667 0.1667 0.1667
IN 0.0833 0.0833 0.0833 0.0833 0.0833 0.0833 0.0833 0.0833 0.0833 0.0833 0.0833 0.0833 0.0833 0.0833 0.0833 0.0833 0.0833 0.0833 0.0833 0.0833 0.0833 0.0833 0.0833 0.0833 0.0833 0.0833 0.0833
SD 0.1667 0.1667 0.1667 0.1667 0.1667 0.1667 0.1667 0.1667 0.1667 0.1667 0.1667 0.1667 0.1667 0.1667 0.1667 0.1667 0.1667 0.1667 0.1667 0.1667 0.1667 0.1667 0.1667 0.1667 0.1667 0.1667 0.1667
SN 0.0833 0.0833 0.0833 0.0833 0.0833 0.0833 0.0833 0.0833 0.0833 0.0833 0.0833 0.0833 0.0833 0.0833 0.0833 0.0833 0.0833 0.0833 0.0833 0.0833 0.0833 0.0833 0.0833 0.0833 0.0833 0.0833 0.0833
WD 0.3333 0.3333 0.3333 0.3333 0.3333 0.3333 0.3333 0.3333 0.3333 0.3333 0.3333 0.3333 0.3333 0.3333 0.3333 0.3333 0.3333 0.3333 0.3333 0.3333 0.3333 0.3333 0.3333 0.3333 0.3333 0.3333 0.3333
WN 0.1667 0.1667 0.1667 0.1667 0.1667 0.1667 0.1667 0.1667 0.1667 0.1667 0.1667 0.1667 0.1667 0.1667 0.1667 0.1667 0.1667 0.1667 0.1667 0.1667 0.1667 0.1667 0.1667 0.1667 0.1667 0.1667 0.1667
;

#
end;
